last_trial_number : 133
last_trial_state  : COMPLETE
last_trial_value  : 0.4776234567901234
trials_completed  : 123
trials_total      : 138
best_trial_number : 77
best_value        : 0.4922839506172839
