last_trial_number : 11
last_trial_state  : COMPLETE
last_trial_value  : 0.4870756172839506
trials_completed  : 12
trials_total      : 13
best_trial_number : 11
best_value        : 0.4870756172839506
